# samples_seen_in_train train_losses sample_seen_in_test test_losses test_accuracy (%)
0 47.3
100 3.126 1940 0.5093 88.04
200 3.066 3880 0.2409 92.37
300 3.435 5820 0.1665 95.88
400 1.735 7760 0.1334 96.29
500 3.21 9700 0.1143 96.91
600 1.842 11640 0.1027 96.91
700 1.514 13580 0.08461 98.14
800 0.5977 15520 0.0911 97.94
900 2.041 17460 0.08757 98.14
1000 2.487 19400 0.0815 97.94
1100 3.42
1200 0.0002105
1300 1.896
1400 0.01535
1500 1.745
1600 0.007924
1700 1.518
1800 2.432e-05
1900 0.05076
1940 0.0471
2040 0.2183
2140 0.0008584
2240 2.024
2340 0.002502
2440 0.6001
2540 0.2244
2640 0.4378
2740 0.005286
2840 0.7761
2940 0.8714
3040 0.00534
3140 5.257e-05
3240 3.322
3340 2.368
3440 3.242e-05
3540 2.146e-06
3640 0.5247
3740 0.0003945
3840 0.0006888
3880 0.05237
3980 0.0007765
4080 0.0007505
4180 0.01143
4280 0.0009314
4380 0.05498
4480 0.1607
4580 0.08065
4680 0
4780 0.745
4880 0.1223
4980 0.5333
5080 0.0005867
5180 0.02946
5280 0.006906
5380 1.883e-05
5480 2.384e-07
5580 0.01913
5680 0.0006797
5780 0.1592
5820 0.3412
5920 0.06136
6020 0.0002142
6120 0.002558
6220 0
6320 0.0161
6420 0.009422
6520 0.7301
6620 0
6720 0.7288
6820 0.06648
6920 0.01574
7020 0
7120 0.1026
7220 5.96e-07
7320 5.96e-07
7420 0
7520 0.02064
7620 3.97e-05
7720 3.576e-07
7760 0.05341
7860 2.355
7960 0.001247
8060 0.04843
8160 0
8260 0.02661
8360 0.03952
8460 0.3445
8560 3.338e-06
8660 0.4272
8760 1.029
8860 0.0003611
8960 0
9060 0.3971
9160 5.078e-05
9260 0.002204
9360 3.815e-06
9460 0
9560 0
9660 1.028
9700 0.0002287
9800 1.168e-05
9900 0
10000 0.06498
10100 0.008874
10200 0.0001759
10300 2.898
10400 0.000229
10500 5.96e-07
10600 0.02781
10700 3.791e-05
10800 0.09358
10900 1.192e-07
11000 0.04207
11100 2.265e-06
11200 7.153e-06
11300 0
11400 0.3311
11500 0
11600 1.014
11640 4.911e-05
11740 0.0001391
11840 3.469e-05
11940 0.4199
12040 0
12140 1.657e-05
12240 2.861e-06
12340 5.042e-05
12440 0.08444
12540 0.0004222
12640 0.09226
12740 0.0005688
12840 1.192e-07
12940 2.322
13040 1.738
13140 0
13240 0
13340 0.0002223
13440 1.907e-06
13540 0.0005151
13580 0.0003047
13680 0.7391
13780 0
13880 0.002073
13980 0
14080 8.345e-07
14180 0.001863
14280 5.96e-07
14380 1.192e-07
14480 0.000106
14580 2.027e-06
14680 0.406
14780 0
14880 1.86
14980 1.609e-05
15080 0
15180 4.768e-07
15280 0.006615
15380 0
15480 0.634
15520 1.848e-05
15620 5.007e-06
15720 3.946e-05
15820 0.1098
15920 0
16020 0.0002863
16120 0.04605
16220 0.001417
16320 0
16420 0.2051
16520 0.01439
16620 0.05551
16720 0
16820 0.0005462
16920 0.003689
17020 0.6645
17120 0
17220 0.1031
17320 4.768e-06
17420 0.005836
17460 0.0008644
17560 0.004778
17660 0.0122
17760 0.0005587
17860 1.788e-06
17960 0.004428
18060 0.001883
18160 0.6703
18260 0
18360 0.01956
18460 2.456e-05
18560 4.792e-05
18660 0.04212
18760 0.8022
18860 0.0002738
18960 0.06435
19060 5.126e-06
19160 0
19260 0
19360 0.01597
